Vel:            5.33011100121689306E+004
Qel:            2.01982090696779721E+001
Qtra:           3.46809243880591862E+025
Qtrb:           3.77928102088407891E+025
Qrta:           1.52058553007211174E+002
Qrtb:           7.28149262854329322E+001
Qrca:           1.06515885297002412E+029
Qrcb:           5.55830615008478144E+028
Erca:                0.00000000000000000
Ercb:               25.15816518240068334
Kex:                0.46214246812128890
     19.53839124104872127     29.44025840649311476     16.96554649263305237      1.43605576482462260      0.97680274954732804
     18.08332612371762593     25.07557189250393392     13.62003116107058709      1.56045621977162874      1.08927110579899344
     37.62171736476635431     54.51583029899705224     30.58557765370363768      1.49327607192395773      1.02688591404157714
